   2.0000000e+00   5.5470757e-01   2.8086551e-01  -9.4089208e-01  -2.7295297e+00   2.4954073e-01   6.9251356e-01  -1.2566168e+00  -9.0814433e-02  -9.7753847e-01   5.4141688e-01
   1.0000000e+00  -4.0876131e-01   6.2290266e-01   1.1316443e+00   1.2105532e+00   4.8125023e-01  -1.0923391e+00   3.1292198e-01  -8.8430990e-01   1.1179808e+00  -1.4422952e-01
   2.0000000e+00   1.2489253e-01  -1.2101226e-01  -3.4940987e-01   4.0036977e-01   1.6430834e+00   8.7166322e-01   6.3847589e-01   6.2899028e-01  -4.0261542e-01   4.1451121e-01
   2.0000000e+00  -7.9298508e-01  -4.4940519e-01   2.5387264e-01  -8.2486402e-02   4.1361782e-01  -3.9131995e-01  -5.0757914e-02   4.4150966e-01   5.6171590e-01   1.9735276e+00
   2.0000000e+00   2.9671795e-02   4.1007179e-01  -1.0381111e+00  -1.4769703e+00   1.5333410e-01   1.0684878e+00   2.5049936e+00   1.0038818e+00  -6.2059412e-01   8.7943063e-01
   2.0000000e+00  -2.7646318e+00  -1.0729589e+00   8.9284523e-01   1.3146645e+00   9.4898735e-01   5.6328352e-01  -2.0372439e+00  -1.9298011e-01  -6.7205257e-01  -1.4073968e+00
   2.0000000e+00  -5.1668505e-01  -1.0678413e+00  -2.3226386e-01   2.3775328e+00  -9.7796415e-02   1.1121229e+00  -4.7100846e-01  -8.4277769e-01  -1.6654202e+00  -1.0567304e+00
   2.0000000e+00   1.0558125e+00  -1.7366847e+00   9.2306406e-02  -8.5091999e-01  -2.3194099e+00   2.1961261e-01   5.2538210e-01   2.3813822e+00  -7.6174933e-02  -7.6893612e-01
   2.0000000e+00  -8.9546971e-01   1.2038338e+00  -7.7888776e-01   1.3809975e+00  -2.0870936e-01   1.3569113e+00   2.7919801e+00   1.2712961e+00  -3.5229652e-01   6.1718603e-02
   2.0000000e+00   1.1819204e+00   1.4096429e+00   4.0882710e-01  -1.0793851e+00   1.8496721e-01  -1.5531038e+00   1.7596916e+00   4.0283237e-01  -6.0421890e-01  -6.0113878e-01
   1.0000000e+00   1.1452925e+00   6.4976808e-01   5.2099906e-01  -9.5363901e-01   4.4377662e-01  -8.3037944e-01   5.9523074e-01   1.5790195e+00   5.7966291e-01   2.2044343e-01
   2.0000000e+00   8.3262978e-01   5.1696139e-01   7.3098391e-01  -3.6607109e-01   4.0288113e-01   4.0242307e-01  -1.0961386e+00   1.6061433e+00  -1.3343111e+00   1.0872139e+00
   1.0000000e+00   4.3600022e-01   3.6389175e-01   5.6362547e-01  -1.2387863e+00  -6.3690466e-01  -5.5271755e-01  -1.5678164e-01   6.6640644e-01   7.5009796e-03  -1.0715821e+00
   2.0000000e+00   6.6360422e-01  -2.4109290e-01  -9.9634803e-01   4.9888133e-01  -8.0698411e-01  -4.6309782e-01   1.9142886e-01   1.9607480e-01   5.3181584e-01   1.0236284e+00
   1.0000000e+00   8.2072645e-01   8.6235785e-02   5.4301131e-01   1.5468622e-01   6.7729661e-01  -2.6833721e-01  -2.8551487e-01   2.0202808e-01  -3.0408016e-01   3.7796275e-01
   2.0000000e+00   3.4562487e-01  -4.7408344e-01   1.1129287e+00   6.6483711e-01  -1.3035612e+00  -8.3125344e-01  -3.7248096e-01   4.7730317e-01  -1.1014833e+00  -1.0320646e+00
   2.0000000e+00  -2.4051311e-01  -1.5179822e+00   2.6757665e-01  -8.4353036e-01  -1.3751093e+00  -1.2465799e+00   5.8091281e-01   1.9009612e-01  -5.8383613e-01   6.0496431e-01
   2.0000000e+00  -9.0354281e-01   9.3194033e-01  -4.8488503e-01   1.0821685e+00   4.0210152e-01  -5.1620885e-01   1.4365090e+00   1.7820176e+00  -5.8342205e-01   1.6062881e-02
   2.0000000e+00  -1.9082471e+00   8.8269452e-01  -1.1238914e+00  -2.8213308e-01   2.0168106e-01   1.9252963e-01   1.5467297e+00   1.6659208e+00  -8.2940060e-01   1.8586801e+00
   2.0000000e+00  -1.0236497e-01  -5.3073493e-01   6.2587930e-01  -1.2372254e+00  -4.9524740e-01   7.9462941e-02  -6.8944498e-03   1.6277616e+00  -6.3136914e-01  -1.5565564e+00
   2.0000000e+00  -6.9447158e-01  -1.0365987e-01   2.2776935e-01  -1.3277854e+00  -2.9897508e-01   7.8456127e-01   2.3357787e-01   8.9905070e-01   1.4449272e+00   5.9675696e-01
   2.0000000e+00  -6.5291205e-01   9.9449716e-02  -8.9047902e-01   5.6847424e-01  -1.3638184e-01  -1.3678987e+00  -1.0543225e+00  -6.6513878e-01   4.1088952e-02   6.9454502e-01
   2.0000000e+00  -8.2221281e-01  -5.0905685e-01   4.0603047e-01  -8.6443527e-01   5.4084155e-01  -1.5469497e+00  -1.4440389e+00   2.3452823e-01  -6.8188911e-01   6.1131840e-01
   1.0000000e+00   1.5382745e+00   6.0765747e-01  -7.6003588e-01   5.9444245e-01   9.5436277e-01  -1.6015128e+00  -6.5353376e-01  -3.8622069e-01   4.3616392e-01  -7.9069975e-01
   2.0000000e+00   1.9024595e+00  -2.0693696e+00  -1.6472065e+00  -3.0235204e-01  -1.4398897e+00   1.2448660e+00  -3.9524511e-01   1.4213271e-01   1.3055976e+00   1.0270775e+00
   2.0000000e+00  -6.5837123e-01   5.2005230e-01  -6.0562061e-01   1.0697713e-02  -1.7204953e+00  -1.3703056e+00  -8.9053923e-01  -8.6142149e-01  -1.0461071e-01  -7.3018975e-01
   2.0000000e+00  -9.7934805e-01   1.3840687e+00   7.8926467e-01   9.4009562e-01   3.7345003e-01  -5.5477547e-01  -1.0704653e+00   1.0458544e+00   8.3854344e-01  -7.9464323e-01
   2.0000000e+00  -1.2250057e-01  -4.2879128e-01   5.6913919e-01   6.8973789e-01  -3.5988025e-01   2.8943920e-01  -3.1380025e-02   5.0344536e-01   3.1872888e-01  -1.1639995e+00
   2.0000000e+00   2.1446564e+00  -1.0458350e+00   3.3125068e-01   5.2746690e-01  -1.4902306e-01  -2.9568524e-01   1.8420724e+00   2.2391608e-01  -1.5908242e+00   3.0908997e-01
   2.0000000e+00   1.9461332e-03  -6.0686883e-01  -1.6225807e+00   1.7809429e+00  -5.0062260e-03   1.6829565e+00   1.4126879e+00  -1.5176678e+00   6.3682271e-01  -3.0433232e-01
   2.0000000e+00  -9.6362430e-01  -5.4763816e-01   9.0056563e-01  -9.1995727e-01   8.9934696e-01  -8.0849258e-01  -2.2819736e-01  -1.3276888e+00   1.8564058e-01   1.6110049e+00
   2.0000000e+00  -6.4987777e-02   7.7750220e-01  -3.8202212e-01  -1.9061390e-01  -2.3931574e+00   3.7758863e-01  -1.5984308e+00  -1.3892045e-01  -6.1790040e-01   1.9493297e+00
   2.0000000e+00   1.4341635e+00  -5.8726369e-01   6.2233119e-01  -1.1424591e+00  -1.2701458e-01  -4.9285519e-01   4.6872023e-01  -2.3996285e-01   6.1537681e-01  -4.8296146e-01
   2.0000000e+00   1.6154903e-01   1.1993152e+00  -5.9322823e-01  -8.0366761e-02   1.2144970e+00   1.5110548e+00  -1.7376860e+00   1.6717957e+00  -5.8374692e-01  -9.3915546e-01
   2.0000000e+00   1.9221220e+00  -9.0021343e-01  -3.8171716e-01  -2.6499766e-01   5.5154732e-01  -9.9904344e-01   4.1233841e-01   3.3551751e-01   1.1433703e+00   7.8661113e-01
   1.0000000e+00  -8.4310976e-01   2.6369560e-01   6.9516560e-01   8.9119748e-01   1.9546445e+00   1.7232925e-01   2.7313652e-01   2.1275459e+00   1.6710478e+00  -1.5753897e-01
   2.0000000e+00  -1.2243433e+00  -1.5251167e+00   2.5662035e+00  -8.3917158e-01   1.4305037e+00   6.0074754e-01  -9.7322547e-01   5.3088514e-01   1.2735698e-01  -1.7023030e+00
   1.0000000e+00   2.7083356e-01   3.2158166e-02   1.0458661e+00  -1.0801750e+00  -1.5428862e+00   1.3033985e+00  -7.4837792e-01  -6.1275203e-01   7.5645428e-01   1.7509942e+00
   2.0000000e+00  -3.1013357e-01   9.2890759e-01   3.8190090e-01   5.9279949e-01  -6.7510412e-01  -5.7868707e-02   1.1428438e+00   1.2221575e+00   8.5865815e-01  -4.0989693e-01
   2.0000000e+00  -5.1618896e-01  -1.0318708e+00   2.2995151e-01  -1.9973814e+00  -5.8652524e-02  -1.2104222e+00   6.0781964e-02   1.4026394e-01  -3.0963840e-01  -1.5704748e-01
   1.0000000e+00  -4.5664916e-01   5.0745202e-01   1.0943925e-01   1.7249412e+00  -1.5463708e-01  -6.8882966e-01   4.7501884e-01   1.3443633e-01   6.4174334e-01  -8.3735816e-01
   1.0000000e+00   5.6338206e-01   3.2517052e-01   9.7658464e-02   2.3997869e-01  -6.9045292e-01  -2.1598694e-01   4.5202115e-01   1.0904808e+00   1.5284777e-01  -4.9510751e-01
   2.0000000e+00  -8.5260164e-01  -7.2195852e-02  -4.8105184e-01  -6.1935733e-01  -2.0518136e+00   4.3824945e-01  -2.9797451e-01  -3.3972277e-01  -8.2733333e-01   1.9715908e-01
   1.0000000e+00   3.6981156e-02   3.9280105e-03  -1.9460999e+00   7.6611973e-01  -1.0266446e+00   2.6286804e-01  -6.6611398e-01   9.0887334e-01   1.2570069e-01   2.5945004e-01
   2.0000000e+00  -7.5026830e-01   1.0278386e+00   1.6914038e+00   1.2182698e+00   1.0293301e+00   5.1868762e-03  -1.1691290e+00  -6.6238291e-01  -3.2145118e-01  -1.0185089e+00
   2.0000000e+00  -8.2484767e-01  -7.3216681e-01   9.7774023e-01  -3.1466145e+00   5.8246582e-01  -5.8358072e-01   6.7515428e-01   3.2483864e-01   1.2408913e-01   5.3172694e-01
   1.0000000e+00   2.0541970e-02   3.9891199e-01  -9.3091365e-01   8.4044868e-02  -8.8765153e-01   1.0730912e-01   5.5918775e-01   2.7700311e-01  -4.7085685e-01  -2.0738481e+00
   2.0000000e+00   6.1198595e-01  -1.4423109e+00  -6.5280974e-01  -5.8107228e-01  -5.2940289e-01   6.5330428e-01   5.2647683e-01  -1.2153587e+00   9.7411391e-01  -1.1053816e+00
   2.0000000e+00  -9.2058700e-02  -7.7645881e-01   6.2237818e-01  -4.3661229e-01   1.0673070e+00   2.0872872e-01   4.5199759e-01   9.9454875e-01  -1.3355959e+00  -3.5789697e-01
   2.0000000e+00   6.6417206e-01  -6.7816398e-01  -1.8980640e-01   9.7781106e-01   1.1610760e+00   1.3699349e+00   8.8021597e-01   2.0347441e-02   4.5987318e-01   3.6748577e-01
   2.0000000e+00   1.6149470e+00  -4.4059415e-01   2.3858922e-01  -8.5483561e-01   1.5307960e+00   3.6567268e-01   1.1297970e+00  -7.8672718e-01  -2.1113529e-01   7.3343394e-01
   2.0000000e+00   9.8929793e-01  -7.2378086e-01  -4.6863229e-01   1.6477345e+00  -1.1176198e-01   1.3826305e+00  -8.5807125e-01  -9.9907023e-02  -5.8046811e-02  -2.8726727e-01
   2.0000000e+00   4.4332054e-01   8.3651342e-01   1.3329619e+00   1.6524777e-01  -1.2340101e+00  -5.9616269e-01   1.4786227e+00   5.1301660e-01   7.1300589e-01  -1.1445451e-01
   2.0000000e+00   2.3141315e+00  -3.0266589e-02   2.4645694e+00  -8.1138986e-01   1.3598430e+00   1.2623487e+00   8.3536354e-01   2.3415639e+00   9.1056979e-01  -1.9409955e-01
   2.0000000e+00  -2.7736737e-02  -4.3346882e-01   2.4971635e+00   5.7527226e-01  -3.7657613e-01   1.2730016e+00   1.4739799e+00  -1.0555183e+00  -8.7036552e-01  -6.8090904e-01
   2.0000000e+00   2.0263099e-01  -2.7666916e-01  -5.5462211e-01  -6.0921300e-01  -8.7304182e-01   8.0564426e-01   1.2944684e+00   9.6414346e-01   2.0130180e-01   6.7560007e-01
   1.0000000e+00  -4.1805956e-01   1.3762365e-02   1.1399962e+00  -1.3916851e+00  -2.7746924e-01   4.9543025e-01   3.3384286e-02  -4.1463888e-01   1.3239609e+00   4.5227750e-02
   2.0000000e+00   1.5102162e+00  -1.5356871e+00  -2.5202692e-01  -6.0861743e-01  -4.3748491e-01  -1.5316124e+00   5.5022789e-01  -1.6442307e+00  -1.5352222e+00   6.3840780e-01
   1.0000000e+00   1.7615133e-02   2.0331923e-01   3.0483042e-01  -3.4452143e-01  -5.5654403e-01   3.1020168e-01   7.3262424e-01  -6.2999169e-02   1.5854695e+00  -7.3080348e-01
   1.0000000e+00  -3.2520590e-01   2.1003776e-01   8.5734336e-01   4.6705414e-01   2.0079465e+00  -1.7607685e-01   1.5710020e-01   1.5389263e+00   8.2681972e-01  -3.3267776e-01
   2.0000000e+00   1.7472784e-01   5.4644974e-02   6.4895569e-02  -1.9711277e+00  -1.3246781e+00   8.0753787e-01  -9.4078013e-01   5.2524672e-01  -9.7892672e-01   3.4631735e-01
   2.0000000e+00  -1.1937652e+00  -3.6658161e-01  -8.0763049e-01   1.1012009e+00  -1.0984936e+00  -5.4795861e-01  -6.8040913e-01   4.9300149e-01  -6.0156389e-01   8.7881025e-01
   2.0000000e+00  -1.1705891e-04  -1.2878145e-01   6.5793462e-01   2.3954024e+00  -3.3091620e-01   1.2007770e+00  -5.0922002e-01  -3.5667972e-01   1.1591320e+00  -4.2663041e-02
   2.0000000e+00   9.6414913e-01  -1.6254141e+00   5.3084905e-01   1.1740787e-01  -2.3512544e+00  -1.1781244e+00   6.1559732e-01   1.3888710e+00   6.9524471e-01  -1.2941186e+00
   2.0000000e+00   2.3921547e-01  -6.0922822e-02   2.9962177e-02  -6.3110003e-02  -3.9972252e-01   4.5851880e-01   2.2815600e-01  -1.1562948e+00  -7.0497398e-01   5.1977932e-01
   2.0000000e+00   1.1967361e+00  -6.6867952e-01  -4.4753421e-01   1.1575517e+00  -4.5975451e-01   1.4481909e-01  -2.6958300e+00   2.1883184e-01   7.7131100e-01   8.4917774e-02
   2.0000000e+00   3.4986606e-01  -7.0354569e-01   7.7799785e-01   1.5381201e+00  -1.0391995e+00   1.4885983e-01  -8.6256315e-01   4.0347055e-01   4.7172923e-01  -2.2407267e-01
   2.0000000e+00  -8.9776755e-01  -3.5564528e-01   1.1388355e+00  -2.1519884e+00   8.9328140e-01   1.4514607e-01  -1.2859489e+00   1.8311932e+00  -1.9822784e+00  -1.7756265e+00
   2.0000000e+00   4.3307995e-01  -2.7136014e-01   1.0843938e+00   9.0919246e-01   3.8148334e-01   1.1578374e+00   7.5213618e-01  -5.6587085e-01   4.5289471e-01   2.4270364e-01
   2.0000000e+00   1.2105412e+00   3.3258164e-01   7.6185918e-01  -1.0235535e+00   6.8960214e-01   3.2655165e-01  -1.0697914e+00  -2.1429452e-01  -1.3060643e+00   8.1663427e-01
   2.0000000e+00  -7.5001317e-01  -1.0755768e+00   2.0369442e-01  -1.4824075e+00   7.3115101e-01   5.5481730e-01   1.3126134e+00  -8.6211861e-02   5.7344494e-01   7.6118383e-01
   1.0000000e+00   6.0370130e-01   3.6084617e-01   3.4041207e+00   4.7615593e-01  -1.5441122e+00  -1.9339019e+00   3.1207681e-01  -1.1001477e+00  -6.3345223e-01   4.2801287e-01
   2.0000000e+00   1.5864188e+00   7.4526732e-01   4.5662768e-01  -8.0439064e-01   7.8320391e-01  -1.1924001e-02   7.5045117e-01  -3.9732388e-01   3.7186754e-01   3.9193971e-03
   2.0000000e+00  -2.8587204e-01  -2.1988364e-01   3.7503743e-01   6.0463079e-02  -1.1916955e+00   1.5549000e+00  -2.0567277e+00  -6.5253458e-01   7.6418752e-01  -7.6753781e-01
   2.0000000e+00  -2.2642155e+00  -1.7088563e+00   3.9906678e-02  -5.2557752e-01   3.9985409e-01  -8.5908330e-01  -2.2059937e-01  -2.1816135e+00   4.3754732e-01   1.3684753e+00
   1.0000000e+00  -1.0676297e-01   6.0099645e-02   6.5887533e-02   1.3278211e-02   3.3169671e+00   1.1393139e+00   3.2768453e-01  -2.0297915e-01  -3.3578045e-01  -8.9586668e-01
   2.0000000e+00   8.3056580e-01  -7.7207187e-01   9.9974169e-01  -1.8125452e-02   1.1942022e+00  -1.4866090e-01   7.3623622e-02   1.3901579e-01   2.0931492e+00  -7.9092916e-01
   2.0000000e+00   1.3827759e+00   4.9891240e-01  -1.3699864e+00   6.2069624e-01  -3.3568851e-01  -1.4196932e+00   7.7418146e-01   1.1999207e+00   9.0371740e-01   1.2231921e+00
   2.0000000e+00  -1.0805895e+00  -3.7796477e-01  -2.2147415e+00  -1.2154397e+00  -5.6723369e-01  -8.8494705e-01  -2.0656937e+00   3.2960206e-02  -1.0603084e+00   6.0255034e-02
   2.0000000e+00  -1.1559184e+00  -1.4438890e+00   5.2238221e-01   8.0661922e-01  -4.0438959e-02   1.9728721e-01  -4.4955196e-01  -9.4517173e-01  -1.0219615e+00  -2.7714701e-01
   2.0000000e+00  -8.7029233e-01  -9.9066791e-01  -3.5760148e-01   2.0731512e-01   1.1774967e+00  -2.6717251e-02   1.9233584e+00  -3.4449602e-01   2.4623163e-02  -3.4184069e-01
   2.0000000e+00  -6.1398394e-01  -7.3185953e-01   3.5239123e-01  -1.4562346e+00  -5.1129657e-02   1.1049712e+00   3.4769974e-01  -5.4924457e-02   8.5704504e-01  -3.8901187e-01
   2.0000000e+00  -2.7440351e-01  -8.2604542e-01  -4.8858746e-01   9.5850215e-01   2.4819106e+00  -8.5697033e-01  -2.6008486e+00  -5.1615102e-01   1.1104331e+00  -4.9983943e-01
   2.0000000e+00  -1.4198088e+00   3.4390588e-01   1.0685705e+00   5.8997535e-01  -2.2720458e+00   4.0504519e-01  -2.5480141e+00  -1.0912388e-01   6.4196888e-01   5.0168884e-01
   2.0000000e+00  -1.0960677e+00  -2.2661017e-01  -7.9488783e-01   1.5325164e+00  -3.8282395e-01   2.6371581e-01  -1.2295816e+00  -9.6358294e-01   7.2140463e-01  -8.5175498e-01
   2.0000000e+00   1.5975080e+00   1.6044396e+00   1.7977596e-01   1.0696671e+00  -1.2263734e+00   3.1757339e-01  -7.3163701e-01   1.8021853e+00   4.4759166e-01   7.7255142e-01
   2.0000000e+00  -7.5227865e-01   1.7525964e+00  -2.8147369e-01  -2.4266439e-01  -1.8031604e+00   1.9049246e+00  -1.1607070e+00  -9.7379946e-01   6.4936947e-01  -1.0210396e+00
   2.0000000e+00   2.1353043e+00  -1.0709521e-01  -4.2717871e-01  -2.0572843e+00  -1.1516250e+00  -2.0866176e-01   1.5570816e+00  -1.3708201e+00  -5.5399496e-01   4.1679213e-01
   1.0000000e+00  -4.7096243e-01   3.4943438e-01   5.6245067e-01   5.6787215e-01  -6.1420526e-01  -5.2191265e-01   6.8096585e-01  -3.9902295e-01  -6.3448617e-02   9.7083038e-01
   1.0000000e+00   1.5054976e+00   2.9635242e-01  -4.2907027e-01  -1.1054478e+00  -1.1902020e-01   4.2891138e-01  -1.6978582e-01   1.7820577e-01  -8.7081568e-01  -9.1805728e-02
   2.0000000e+00   1.6245878e+00  -7.3413807e-01  -1.8749331e+00   1.5111065e-01   1.0437584e+00  -5.9308866e-01   1.1349893e-01  -3.6266492e-01  -7.5737098e-01   4.8256783e-01
   2.0000000e+00  -1.1494955e+00  -1.0073533e-02  -8.0037593e-01  -6.2066074e-01   9.3693343e-01   5.7672863e-01   7.3452266e-01  -5.0854928e-02   6.3393549e-01  -1.1203146e+00
   2.0000000e+00   7.5828698e-01   4.7240752e-01   9.9995813e-01   5.6469464e-01  -3.5309072e-01   1.0962644e+00  -2.6032825e+00   1.1909538e-01  -1.2075159e+00  -7.2467604e-01
   2.0000000e+00   8.5830371e-01  -2.2343411e+00  -1.1050303e+00  -2.5095529e-01   1.1731711e+00  -1.6930664e+00  -7.2859109e-01  -2.8145429e+00   2.0709203e-01   2.4572763e-01
   1.0000000e+00  -4.0594320e-01   6.2451196e-02  -4.0423593e-01  -7.9752836e-01   6.3447246e-01   8.9350138e-01   5.8568017e-01  -9.7504747e-01   1.6867383e+00   7.9596025e-02
   2.0000000e+00  -2.7044867e-01   1.2092862e+00   9.9382022e-01   7.4485820e-01   1.8270524e-01   1.4853866e+00  -6.7063130e-01  -1.1384419e+00   3.3275520e-01   3.9372025e-01
   2.0000000e+00   1.4449562e+00  -1.0088247e+00  -8.7129846e-01  -1.6761679e+00   6.4688702e-01  -1.0769146e-01  -7.2107980e-01   8.1976021e-01  -2.3762727e-01  -6.3524138e-01
   2.0000000e+00  -1.1160317e-01  -4.0718322e-01  -6.1204555e-01  -1.1739685e+00  -3.3204393e-01   1.6926273e+00  -9.9896764e-01   1.3092028e+00  -9.8730000e-01  -1.9216229e+00
   2.0000000e+00  -1.6369711e+00   9.8449248e-01   1.3661762e+00   1.8056334e+00   3.4484801e-01  -8.7632064e-01   2.6010737e-01   8.7395775e-01  -2.7515022e-01   7.8519499e-02
   1.0000000e+00  -9.9876325e-01   6.3765610e-01   3.8369204e-01   4.7858745e-01  -1.8683563e-01  -2.1239406e+00   3.4097169e-01  -5.8366803e-01   1.8052122e+00  -1.3706239e+00
